%YAML:1.0
---
descriptors: !!opencv-matrix
   rows: 31
   cols: 128
   dt: f
   data: [ 1., 0., 0., 0., 0., 0., 0., 0., 151., 9., 0., 0., 0., 0., 0.,
       0., 199., 25., 0., 0., 0., 0., 0., 0., 31., 3., 0., 0., 0., 2.,
       0., 1., 1., 0., 0., 0., 0., 0., 0., 0., 172., 9., 0., 0., 0., 0.,
       0., 1., 199., 29., 0., 0., 0., 0., 0., 0., 47., 3., 1., 0., 0.,
       0., 1., 0., 1., 0., 0., 0., 0., 0., 0., 0., 161., 4., 0., 0., 0.,
       0., 0., 2., 199., 18., 0., 0., 0., 0., 0., 2., 53., 4., 1., 0.,
       0., 0., 0., 0., 1., 0., 0., 0., 0., 0., 0., 0., 126., 1., 0., 0.,
       0., 0., 0., 4., 199., 3., 0., 0., 0., 0., 0., 8., 42., 1., 0., 0.,
       0., 0., 0., 1., 1., 0., 0., 0., 0., 0., 1., 1., 151., 15., 0., 0.,
       0., 0., 0., 1., 200., 39., 0., 0., 0., 0., 0., 0., 30., 7., 1.,
       0., 0., 0., 0., 0., 1., 0., 0., 0., 0., 0., 2., 3., 171., 6., 0.,
       0., 0., 0., 1., 4., 200., 21., 0., 0., 0., 0., 0., 2., 51., 4.,
       0., 0., 0., 0., 2., 5., 1., 3., 1., 0., 0., 0., 0., 1., 151., 15.,
       1., 0., 0., 0., 0., 0., 200., 25., 0., 0., 0., 0., 0., 0., 63.,
       6., 1., 0., 0., 0., 1., 2., 1., 1., 0., 0., 0., 0., 0., 0., 114.,
       4., 0., 0., 0., 0., 0., 1., 200., 7., 0., 0., 0., 0., 0., 2., 58.,
       1., 0., 0., 0., 0., 1., 5., 3., 0., 0., 0., 0., 0., 0., 2., 94.,
       0., 0., 0., 0., 0., 0., 14., 194., 0., 0., 0., 0., 0., 0., 49.,
       75., 0., 0., 0., 0., 0., 0., 15., 4., 1., 0., 0., 0., 0., 0., 1.,
       155., 1., 0., 0., 0., 0., 0., 10., 194., 1., 0., 0., 0., 0., 0.,
       36., 78., 5., 0., 0., 0., 0., 0., 6., 2., 2., 1., 0., 0., 0., 0.,
       0., 177., 2., 0., 0., 0., 0., 0., 9., 194., 1., 0., 0., 0., 0.,
       0., 19., 69., 8., 0., 0., 0., 0., 0., 2., 2., 1., 0., 0., 0., 0.,
       1., 2., 151., 1., 0., 0., 0., 0., 0., 6., 194., 0., 0., 0., 0.,
       0., 0., 11., 50., 1., 0., 0., 0., 0., 0., 8., 1., 0., 0., 0., 0.,
       0., 0., 1., 126., 0., 0., 0., 0., 0., 0., 6., 190., 0., 0., 0.,
       0., 0., 0., 25., 44., 1., 0., 0., 0., 0., 0., 3., 2., 0., 0., 0.,
       0., 0., 0., 1., 175., 0., 0., 0., 0., 0., 0., 7., 190., 0., 0.,
       0., 0., 0., 0., 23., 45., 1., 0., 0., 0., 0., 0., 3., 3., 0., 0.,
       0., 0., 0., 0., 0., 184., 0., 0., 0., 0., 0., 0., 16., 190., 0.,
       0., 0., 0., 0., 0., 26., 39., 0., 0., 0., 0., 0., 0., 2., 3., 1.,
       0., 0., 0., 0., 0., 0., 168., 0., 0., 0., 0., 0., 0., 13., 190.,
       0., 0., 0., 0., 0., 0., 26., 26., 1., 0., 0., 0., 0., 0., 2., 12.,
       7., 26., 10., 2., 33., 78., 52., 27., 117., 19., 0., 16., 74.,
       26., 1., 94., 117., 1., 2., 3., 1., 0., 0., 7., 7., 1., 33., 81.,
       0., 0., 0., 88., 77., 0., 1., 24., 33., 23., 33., 37., 17., 0.,
       1., 117., 117., 14., 9., 117., 56., 2., 13., 15., 11., 6., 26.,
       19., 9., 2., 108., 85., 0., 0., 0., 116., 68., 1., 1., 8., 5.,
       15., 72., 24., 7., 1., 8., 51., 108., 58., 27., 53., 4., 2., 90.,
       16., 21., 47., 57., 5., 2., 1., 117., 43., 0., 0., 3., 11., 0.,
       27., 19., 0., 0., 34., 75., 4., 0., 46., 112., 4., 9., 8., 10.,
       0., 0., 18., 117., 7., 4., 4., 2., 4., 0., 1., 51., 4., 0., 0.,
       42., 0., 0., 7., 37., 0., 0., 11., 50., 1., 2., 4., 4., 0., 0.,
       60., 123., 3., 8., 3., 1., 0., 0., 112., 97., 0., 1., 11., 10.,
       0., 1., 116., 25., 8., 0., 0., 4., 8., 2., 17., 123., 7., 19.,
       40., 77., 48., 3., 26., 79., 59., 108., 46., 26., 9., 1., 9., 19.,
       6., 8., 51., 104., 56., 5., 5., 3., 23., 0., 0., 5., 54., 6., 4.,
       104., 37., 9., 6., 66., 123., 11., 2., 5., 123., 51., 9., 14.,
       27., 7., 0., 20., 17., 6., 6., 31., 123., 52., 0., 6., 13., 0.,
       0., 0., 38., 15., 0., 17., 12., 9., 0., 1., 123., 105., 0., 0.,
       64., 113., 44., 8., 18., 35., 4., 1., 7., 20., 54., 78., 50., 5.,
       3., 12., 2., 0., 0., 35., 117., 4., 0., 1., 88., 2., 2., 15., 34.,
       1., 0., 70., 53., 20., 41., 21., 29., 8., 1., 65., 7., 11., 7.,
       44., 67., 83., 11., 4., 13., 0., 0., 28., 125., 2., 0., 2., 125.,
       3., 2., 8., 34., 14., 3., 44., 29., 62., 50., 27., 57., 100., 8.,
       11., 2., 77., 66., 35., 29., 59., 18., 3., 12., 2., 0., 1., 125.,
       37., 0., 0., 125., 52., 0., 0., 25., 14., 3., 7., 62., 25., 2.,
       0., 10., 125., 49., 6., 0., 8., 20., 8., 4., 80., 125., 11., 2.,
       1., 0., 1., 118., 56., 0., 0., 84., 87., 0., 0., 37., 23., 0., 0.,
       66., 122., 0., 0., 0., 7., 8., 0., 1., 12., 1., 0., 10., 17., 32.,
       0., 6., 36., 35., 66., 63., 3., 1., 0., 10., 49., 29., 109., 27.,
       13., 12., 3., 11., 11., 26., 80., 16., 17., 45., 40., 30., 115.,
       18., 1., 6., 28., 21., 6., 7., 28., 12., 20., 123., 33., 8., 0.,
       40., 44., 41., 80., 20., 10., 29., 13., 123., 15., 2., 19., 35.,
       22., 32., 78., 61., 14., 0., 4., 111., 57., 17., 19., 1., 52.,
       26., 3., 45., 79., 70., 1., 11., 15., 23., 6., 2., 31., 123., 39.,
       66., 5., 21., 8., 19., 21., 76., 120., 19., 1., 15., 25., 53.,
       67., 29., 31., 0., 84., 67., 0., 0., 12., 13., 1., 0., 57., 123.,
       0., 0., 2., 26., 4., 0., 7., 123., 28., 1., 2., 10., 8., 0., 0.,
       91., 75., 4., 6., 5., 5., 22., 9., 29., 110., 18., 1., 5., 26.,
       19., 19., 59., 14., 0., 7., 110., 56., 28., 34., 21., 1., 12.,
       21., 62., 64., 6., 4., 0., 0., 93., 69., 4., 8., 42., 37., 9., 9.,
       26., 92., 15., 17., 34., 83., 122., 10., 3., 23., 31., 21., 79.,
       116., 66., 5., 20., 8., 22., 22., 11., 8., 0., 10., 122., 23., 2.,
       3., 9., 2., 13., 56., 33., 104., 20., 12., 32., 13., 39., 44.,
       43., 77., 17., 13., 122., 36., 10., 17., 23., 4., 2., 40., 24.,
       3., 0., 65., 122., 0., 0., 2., 1., 0., 8., 31., 31., 70., 71., 2.,
       10., 0., 7., 25., 10., 24., 122., 35., 66., 1., 1., 63., 25., 2.,
       38., 76., 11., 1., 0., 87., 61., 0., 0., 14., 27., 58., 45., 6.,
       7., 53., 33., 5., 21., 42., 126., 53., 2., 21., 21., 3., 122.,
       93., 31., 5., 22., 5., 1., 1., 9., 3., 0., 4., 126., 18., 0., 0.,
       2., 2., 35., 63., 16., 80., 70., 1., 41., 6., 30., 64., 45., 62.,
       52., 10., 126., 27., 1., 15., 29., 5., 4., 24., 20., 3., 0., 47.,
       126., 0., 0., 1., 1., 0., 24., 49., 38., 57., 113., 8., 8., 0.,
       18., 32., 7., 5., 126., 72., 72., 2., 0., 58., 41., 3., 68., 104.,
       11., 1., 0., 92., 94., 0., 0., 7., 0., 0., 3., 4., 0., 13., 51.,
       3., 0., 0., 9., 64., 3., 1., 63., 12., 0., 0., 2., 126., 35., 2.,
       14., 5., 16., 0., 0., 51., 21., 0., 0., 41., 0., 2., 28., 9., 0.,
       14., 115., 4., 0., 5., 37., 1., 0., 75., 115., 0., 0., 8., 10.,
       0., 0., 123., 62., 0., 0., 57., 9., 0., 0., 49., 8., 0., 3., 10.,
       116., 81., 62., 7., 5., 6., 6., 67., 123., 5., 2., 18., 18., 8.,
       70., 97., 63., 1., 1., 81., 20., 3., 10., 5., 0., 0., 15., 123.,
       10., 2., 23., 2., 14., 46., 123., 16., 5., 44., 46., 13., 19., 1.,
       56., 64., 36., 67., 123., 29., 5., 0., 18., 19., 3., 25., 38., 1.,
       0., 0., 37., 92., 2., 5., 23., 5., 18., 27., 8., 2., 19., 115.,
       27., 3., 3., 0., 69., 66., 27., 66., 123., 0., 0., 0., 16., 16.,
       24., 74., 22., 0., 0., 0., 23., 14., 0., 6., 2., 0., 0., 8., 10.,
       0., 0., 0., 144., 12., 0., 0., 0., 0., 0., 17., 144., 24., 0., 0.,
       0., 0., 0., 28., 8., 2., 0., 0., 0., 0., 0., 1., 1., 0., 0., 1.,
       0., 0., 0., 0., 144., 53., 0., 0., 0., 0., 0., 7., 144., 112., 0.,
       0., 0., 0., 0., 15., 22., 6., 0., 0., 0., 0., 0., 1., 1., 0., 0.,
       0., 0., 6., 7., 2., 144., 5., 0., 0., 0., 0., 1., 105., 144., 10.,
       0., 0., 0., 0., 0., 144., 19., 1., 0., 0., 0., 0., 0., 7., 1., 0.,
       0., 0., 0., 93., 129., 8., 126., 0., 0., 0., 0., 13., 53., 144.,
       105., 0., 0., 0., 0., 0., 0., 108., 2., 0., 0., 2., 1., 0., 0.,
       2., 2., 0., 0., 45., 126., 1., 0., 1., 70., 3., 2., 21., 49., 2.,
       1., 74., 42., 22., 30., 20., 33., 6., 3., 76., 5., 5., 10., 56.,
       76., 42., 3., 11., 15., 0., 0., 41., 126., 1., 0., 3., 126., 3.,
       2., 10., 41., 19., 6., 66., 18., 39., 50., 19., 41., 101., 16.,
       14., 13., 23., 38., 41., 38., 42., 23., 4., 17., 3., 0., 5., 126.,
       19., 0., 0., 126., 57., 0., 0., 33., 15., 5., 14., 56., 23., 2.,
       1., 5., 126., 79., 9., 2., 1., 5., 6., 40., 99., 124., 2., 2., 2.,
       0., 8., 58., 5., 0., 0., 87., 121., 2., 7., 22., 2., 0., 0., 56.,
       126., 3., 0., 1., 7., 8., 1., 1., 15., 4., 0., 79., 55., 8., 0.,
       0., 0., 0., 0., 0., 0., 0., 1., 15., 0., 0., 0., 0., 0., 4., 30.,
       14., 0., 0., 0., 0., 12., 114., 70., 0., 0., 0., 0., 0., 47.,
       130., 2., 1., 1., 0., 0., 0., 0., 0., 2., 132., 4., 0., 0., 0.,
       0., 0., 24., 172., 5., 0., 0., 0., 10., 104., 141., 16., 0., 0.,
       0., 0., 85., 172., 22., 2., 1., 0., 0., 0., 0., 0., 0., 159., 10.,
       0., 0., 0., 0., 0., 0., 172., 32., 0., 0., 0., 0., 2., 9., 64.,
       4., 0., 0., 0., 7., 24., 7., 1., 1., 0., 0., 0., 0., 0., 0., 116.,
       4., 0., 0., 0., 0., 0., 4., 172., 8., 0., 0., 0., 0., 0., 11.,
       60., 1., 0., 0., 0., 0., 0., 5., 0., 0., 0., 0., 23., 10., 0., 1.,
       63., 1., 0., 0., 18., 12., 3., 109., 47., 0., 3., 7., 11., 0., 9.,
       122., 5., 1., 3., 65., 101., 6., 10., 21., 6., 0., 0., 6., 122.,
       13., 0., 1., 122., 9., 2., 10., 65., 4., 0., 63., 73., 15., 51.,
       122., 12., 0., 0., 34., 7., 32., 51., 39., 94., 39., 0., 1., 6.,
       1., 0., 1., 122., 49., 0., 0., 122., 69., 5., 17., 79., 24., 0.,
       2., 33., 47., 29., 122., 74., 47., 8., 2., 9., 47., 72., 29., 12.,
       18., 18., 28., 0., 0., 0., 0., 86., 52., 0., 0., 39., 64., 1., 1.,
       81., 58., 0., 0., 30., 101., 8., 1., 15., 74., 42., 5., 4., 12.,
       9., 8., 24., 30., 67., 52., 74., 3., 0., 0., 0., 0., 0., 0., 205.,
       19., 0., 0., 0., 0., 4., 15., 87., 5., 0., 0., 0., 14., 47., 12.,
       0., 0., 0., 0., 0., 32., 81., 1., 86., 3., 0., 0., 0., 0., 0., 3.,
       205., 11., 0., 0., 0., 0., 0., 18., 134., 2., 0., 0., 0., 0., 1.,
       11., 1., 0., 0., 0., 0., 0., 4., 3., 97., 0., 0., 0., 0., 0., 0.,
       9., 205., 2., 0., 0., 0., 0., 0., 33., 129., 3., 0., 0., 0., 0.,
       0., 7., 3., 0., 0., 0., 0., 0., 0., 1., 91., 0., 0., 0., 0., 0.,
       0., 15., 205., 0., 0., 0., 0., 0., 0., 53., 78., 0., 0., 0., 0.,
       0., 0., 14., 1., 0., 0., 0., 0., 0., 0., 1., 1., 1., 13., 70.,
       88., 0., 0., 0., 89., 67., 46., 34., 20., 0., 0., 4., 45., 27.,
       9., 98., 12., 3., 3., 1., 0., 0., 48., 123., 6., 4., 9., 5., 6.,
       1., 1., 48., 123., 0., 0., 0., 123., 23., 5., 22., 45., 0., 0.,
       17., 54., 10., 5., 123., 99., 0., 0., 6., 44., 0., 3., 55., 21.,
       0., 22., 94., 3., 3., 0., 26., 123., 33., 5., 0., 54., 82., 37.,
       18., 29., 20., 22., 1., 28., 25., 48., 101., 42., 5., 10., 4.,
       123., 20., 0., 9., 6., 0., 3., 35., 0., 21., 3., 1., 33., 78.,
       42., 0., 0., 6., 6., 1., 3., 80., 123., 0., 6., 2., 8., 8., 0.,
       48., 123., 14., 82., 5., 0., 1., 1., 3., 45., 71., 0., 0., 104.,
       80., 12., 0., 1., 1., 0., 0., 117., 57., 0., 2., 6., 4., 20., 66.,
       117., 20., 0., 5., 6., 1., 61., 74., 9., 0., 0., 7., 7., 1., 10.,
       0., 23., 36., 83., 73., 0., 8., 57., 3., 30., 9., 5., 27., 50.,
       76., 48., 30., 10., 2., 31., 94., 41., 10., 117., 84., 0., 0., 3.,
       3., 0., 1., 16., 2., 2., 28., 117., 71., 0., 2., 117., 14., 0.,
       2., 28., 22., 6., 29., 44., 6., 0., 0., 117., 117., 9., 10., 117.,
       49., 0., 0., 15., 18., 7., 16., 11., 1., 25., 80., 35., 0., 4.,
       31., 117., 1., 1., 5., 8., 3., 2., 106., 23., 0., 3., 0., 30.,
       90., 32., 20., 34., 2., 1., 0., 4., 24., 56., 61., 1., 20., 21.,
       27., 10., 69., 63., 0., 2., 9., 35., 63., 17., 31., 70., 13., 32.,
       106., 32., 5., 0., 2., 20., 78., 27., 56., 1., 0., 2., 0., 0.,
       30., 17., 70., 36., 84., 36., 2., 1., 1., 60., 9., 16., 97., 29.,
       15., 44., 67., 52., 95., 17., 3., 48., 79., 52., 21., 109., 101.,
       1., 6., 6., 3., 0., 2., 9., 23., 24., 26., 26., 34., 97., 9.,
       109., 16., 5., 17., 17., 11., 57., 94., 65., 5., 0., 7., 109.,
       72., 21., 40., 109., 13., 12., 50., 11., 5., 6., 38., 1., 37.,
       58., 0., 1., 15., 101., 8., 8., 8., 94., 11., 2., 6., 68., 58.,
       4., 0., 69., 67., 18., 43., 16., 16., 8., 2., 41., 102., 1., 3.,
       7., 17., 1., 0., 0., 0., 0., 0., 0., 1., 76., 0., 0., 0., 0., 0.,
       0., 21., 196., 0., 0., 0., 0., 0., 0., 108., 65., 0., 0., 0., 0.,
       0., 0., 28., 2., 0., 0., 0., 0., 0., 0., 2., 157., 1., 0., 0., 0.,
       0., 0., 19., 196., 1., 0., 0., 0., 0., 0., 53., 61., 1., 0., 0.,
       0., 0., 0., 9., 3., 0., 0., 0., 0., 0., 0., 2., 166., 10., 0., 0.,
       0., 0., 0., 3., 196., 42., 0., 0., 0., 0., 0., 3., 59., 8., 0.,
       0., 0., 0., 0., 1., 3., 0., 0., 0., 0., 0., 0., 1., 86., 18., 0.,
       0., 0., 0., 0., 1., 196., 93., 0., 0., 0., 0., 0., 0., 58., 20.,
       0., 0., 0., 0., 0., 0., 1., 4., 8., 75., 70., 44., 2., 3., 41.,
       8., 20., 70., 17., 36., 16., 24., 37., 42., 5., 5., 1., 68., 49.,
       20., 57., 110., 0., 0., 0., 23., 8., 10., 28., 67., 13., 8., 31.,
       100., 7., 0., 57., 24., 4., 20., 86., 110., 8., 5., 110., 39., 1.,
       2., 6., 56., 33., 16., 37., 10., 14., 6., 0., 39., 70., 55., 11.,
       95., 85., 29., 9., 28., 19., 1., 39., 5., 42., 97., 58., 8., 19.,
       53., 110., 15., 40., 50., 4., 1., 4., 52., 7., 3., 110., 92., 0.,
       2., 16., 9., 0., 3., 10., 2., 1., 65., 110., 4., 4., 0., 6., 38.,
       31., 12., 109., 53., 11., 2., 25., 110., 15., 1., 8., 60., 1., 0.,
       24., 35., 0., 1., 60., 99., 3., 0., 0., 1., 0., 0., 0., 1., 0.,
       1., 12., 8., 20., 47., 0., 0., 0., 12., 11., 1., 21., 131., 41.,
       0., 0., 39., 40., 0., 0., 96., 100., 0., 4., 1., 0., 11., 16., 0.,
       0., 0., 7., 20., 75., 130., 70., 2., 0., 0., 68., 105., 75., 33.,
       5., 35., 19., 1., 6., 7., 29., 113., 7., 57., 72., 0., 8., 7., 0.,
       16., 56., 0., 0., 0., 48., 9., 9., 101., 131., 0., 0., 5., 131.,
       42., 13., 74., 47., 0., 0., 20., 22., 3., 19., 131., 56., 0., 7.,
       37., 15., 44., 1., 13., 65., 3., 0., 0., 25., 18., 1., 39., 131.,
       35., 11., 1., 66., 68., 49., 58., 31., 11., 17., 4., 101., 10.,
       9., 54., 34., 1., 5., 31., 38., 1., 41., 9., 30., 24., 24., 48.,
       61., 26., 40., 1., 36., 72., 37., 18., 131., 56., 4., 0., 4., 6.,
       1., 1., 16., 2., 0., 0., 8., 65., 1., 0., 131., 0., 1., 19., 50.,
       16., 4., 77., 85., 4., 0., 0., 131., 95., 15., 31., 131., 28., 0.,
       0., 18., 11., 9., 28., 34., 3., 0., 0., 4., 8., 0., 1., 58., 7.,
       28., 8., 6., 7., 10., 131., 18., 10., 27., 0., 51., 112., 71.,
       40., 78., 5., 2., 0., 4., 18., 71., 107., 15., 0., 0., 0., 1., 0.,
       0., 7., 4., 17., 131., 7., 0., 2., 25., 20., 1., 114., 131., 0.,
       0., 8., 17., 2., 8., 129., 30., 0., 0., 1., 9., 7., 3., 9., 0.,
       0., 0., 0., 0., 1., 1., 82., 95., 15., 7., 21., 13., 2., 24., 40.,
       22., 73., 86., 17., 3., 7., 51., 48., 59., 35., 7., 7., 25., 54.,
       19., 60., 76., 32., 3., 5., 12., 20., 21., 30., 5., 1., 78., 112.,
       24., 7., 110., 43., 4., 3., 34., 64., 49., 16., 10., 23., 35.,
       37., 23., 85., 112., 4., 63., 45., 25., 29., 23., 35., 23., 12.,
       21., 34., 36., 64., 112., 26., 2., 11., 112., 10., 0., 15., 53.,
       17., 9., 71., 24., 1., 1., 52., 74., 74., 84., 22., 15., 1., 0.,
       23., 19., 11., 112., 98., 4., 11., 28., 25., 4., 7., 90., 74.,
       41., 0., 1., 5., 3., 5., 22., 112., 4., 0., 4., 8., 2., 28., 61.,
       19., 0., 0., 4., 71., 10., 2., 46., 21., 6., 1., 24., 112., 38.,
       20., 8., 15., 30., 83., 45., 37., 1., 12., 34., 21., 71., 112.,
       1., 0., 0., 10., 17., 10., 14., 11., 0., 0., 1., 64., 15., 1.,
       22., 28., 16., 32., 71., 112., 4., 5., 112., 22., 5., 9., 17.,
       33., 56., 35., 80., 34., 56., 16., 0., 11., 62., 66., 24., 44.,
       58., 1., 1., 5., 0., 5., 10., 27., 52., 49., 25., 28., 69., 19.,
       106., 18., 45., 69., 17., 4., 18., 45., 10., 13., 112., 91., 0.,
       5., 54., 47., 8., 112., 110., 4., 5., 26., 33., 5., 0., 0., 0.,
       10., 64., 42., 93., 6., 38., 4., 6., 53., 76., 9., 15., 76., 23.,
       5., 12., 33., 9., 12., 65., 112., 23., 15., 2., 47., 71., 46.,
       33., 14., 0., 0., 8., 11., 0., 0., 0., 0., 7., 5., 40., 131., 32.,
       6., 12., 14., 1., 0., 0., 25., 29., 49., 78., 10., 8., 1., 0., 0.,
       1., 8., 76., 25., 10., 6., 7., 3., 0., 0., 0., 1., 131., 47., 37.,
       33., 7., 16., 18., 83., 48., 7., 5., 32., 131., 115., 43., 47.,
       102., 17., 9., 13., 26., 14., 25., 47., 8., 1., 0., 0., 0., 6.,
       11., 7., 131., 76., 24., 19., 7., 55., 45., 43., 45., 46., 44.,
       131., 129., 21., 6., 18., 125., 40., 22., 36., 26., 2., 7., 48.,
       0., 0., 0., 0., 0., 18., 9., 0., 3., 8., 11., 4., 36., 131., 36.,
       1., 2., 19., 75., 41., 57., 68., 3., 9., 24., 29., 103., 17., 1.,
       1., 4., 32., 50., 6., 0., 0., 0., 0., 1., 2., 203., 46., 0., 0.,
       0., 0., 0., 0., 114., 11., 0., 0., 0., 0., 0., 3., 2., 0., 0., 0.,
       0., 0., 0., 2., 56., 4., 1., 0., 0., 0., 0., 1., 203., 9., 0., 0.,
       0., 0., 0., 9., 171., 4., 0., 0., 0., 0., 0., 4., 2., 2., 0., 0.,
       0., 0., 0., 0., 60., 0., 0., 0., 0., 0., 0., 12., 203., 0., 0.,
       0., 0., 0., 0., 56., 147., 3., 0., 0., 0., 0., 0., 13., 2., 3.,
       1., 0., 0., 0., 0., 1., 67., 1., 0., 0., 0., 0., 0., 19., 203.,
       0., 0., 0., 0., 0., 0., 90., 72., 0., 0., 0., 0., 0., 0., 20., 1.,
       0., 0., 0., 0., 0., 0., 3., 54., 7., 0., 0., 0., 0., 0., 0., 190.,
       53., 0., 0., 0., 0., 0., 0., 114., 18., 0., 0., 0., 0., 0., 0.,
       1., 0., 0., 0., 0., 0., 0., 0., 60., 3., 0., 0., 0., 0., 0., 1.,
       190., 18., 0., 0., 0., 0., 0., 1., 189., 7., 0., 0., 0., 0., 0.,
       1., 2., 0., 0., 0., 0., 0., 0., 0., 59., 0., 0., 0., 0., 0., 0.,
       5., 190., 2., 0., 0., 0., 0., 0., 30., 185., 2., 0., 0., 0., 0.,
       0., 8., 2., 0., 0., 0., 0., 0., 0., 0., 58., 1., 0., 0., 0., 0.,
       0., 10., 190., 0., 0., 0., 0., 0., 0., 65., 109., 0., 0., 0., 0.,
       0., 0., 16., 2., 0., 0., 0., 0., 0., 0., 0., 1., 1., 1., 1., 1.,
       0., 1., 1., 91., 1., 0., 1., 2., 0., 0., 11., 199., 0., 0., 0.,
       0., 0., 0., 44., 77., 0., 0., 0., 0., 0., 0., 7., 3., 2., 2., 1.,
       0., 0., 0., 1., 143., 1., 0., 0., 0., 0., 0., 14., 199., 0., 0.,
       0., 0., 0., 0., 45., 79., 0., 0., 0., 0., 0., 0., 11., 2., 1., 0.,
       0., 0., 0., 1., 1., 167., 6., 0., 0., 0., 0., 0., 7., 199., 1.,
       0., 0., 0., 0., 0., 28., 70., 1., 0., 0., 0., 0., 0., 4., 1., 1.,
       0., 0., 0., 0., 1., 1., 144., 1., 0., 0., 0., 0., 0., 7., 199.,
       1., 0., 0., 0., 0., 0., 14., 52., 3., 0., 0., 0., 0., 0., 2., 2.,
       1., 0., 0., 0., 0., 1., 1., 154., 14., 0., 0., 0., 0., 0., 1.,
       198., 35., 0., 0., 0., 0., 0., 0., 35., 5., 0., 0., 0., 0., 1.,
       2., 3., 1., 0., 0., 0., 0., 1., 1., 166., 16., 0., 0., 0., 0., 0.,
       1., 198., 31., 0., 0., 0., 0., 0., 0., 55., 7., 0., 0., 0., 0.,
       1., 2., 2., 0., 0., 0., 0., 0., 1., 2., 154., 6., 0., 0., 0., 0.,
       1., 2., 198., 17., 0., 0., 0., 0., 0., 1., 69., 4., 0., 0., 0.,
       0., 0., 5., 3., 2., 1., 0., 0., 0., 0., 1., 119., 2., 1., 0., 0.,
       0., 0., 2., 198., 5., 0., 0., 0., 0., 0., 4., 60., 3., 0., 0., 0.,
       0., 0., 2., 1., 0., 0., 0., 0., 1., 0., 0., 141., 8., 0., 0., 0.,
       0., 0., 0., 197., 10., 0., 0., 0., 0., 0., 2., 23., 0., 0., 0.,
       0., 0., 0., 1., 3., 1., 0., 0., 0., 1., 0., 0., 167., 5., 0., 0.,
       0., 1., 0., 4., 197., 9., 0., 0., 0., 0., 0., 4., 46., 0., 0., 0.,
       0., 0., 0., 1., 2., 1., 0., 0., 0., 0., 0., 1., 168., 3., 0., 0.,
       0., 0., 0., 10., 197., 1., 0., 0., 0., 0., 0., 33., 50., 0., 0.,
       0., 0., 0., 0., 5., 1., 1., 0., 0., 1., 1., 0., 2., 149., 2., 0.,
       0., 1., 1., 0., 10., 197., 0., 0., 0., 0., 0., 0., 26., 36., 1.,
       0., 0., 0., 0., 0., 3. ]
